8
-0.0000000400893815 0.0000000358808126
-21.4983260706612533 -7.3194159498090388
-28.8732862244731230 -0.0000008724121069
-43.0700258454450875 -14.5548396888330487
-50.4808382862985496 -7.3744722432402208
-64.7472605264735108 -21.8981713360336698
-72.0785319657452987 -0.1815834632498404
-79.2915791686897506 21.4033307581457670

8
2 3
3 4
4 4
5 3
4 2
3 2
1 1.5
6 1,5

8
-0.0000000400893815 0.0000000358808126
-21.4983260706612533 -7.3194159498090388
-28.8732862244731230 -0.0000008724121069
-43.0700258454450875 -14.5548396888330487
-50.4808382862985496 -7.3744722432402208
-64.7472605264735108 -21.8981713360336698
-72.0785319657452987 -0.1815834632498404
-79.2915791686897506 21.4033307581457670

4
1 29
2 82
12 4
3 76
